1.000000000000000000e+00 -1.163679245041986388e-01 5.307438910034809054e-02 1.203253901016131328e-04 -2.887455232167661975e-03 1.352917968525697064e-03 -5.258724937590603674e-04 -2.862730578793132958e-04 -3.407158021270955024e-03 -3.771850173452113986e-03 -3.353760170534297088e-03 -3.906620631965997082e-04 -2.537158745040152697e-03 1.086576893779269901e-03
-1.163679245041986388e-01 1.000000000000000444e+00 -3.273371840593211624e-02 -1.651223387568661249e-03 1.811691703215472437e-03 9.243192243815901831e-04 7.710812908078842204e-03 4.376440951518380143e-04 2.547173654908536271e-04 -5.397559851894001646e-04 2.480597161658540037e-03 5.595441433846794904e-04 -3.770347997068801502e-03 -2.255635436470369588e-03
5.307438910034809054e-02 -3.273371840593211624e-02 1.000000000000000000e+00 3.423007955828239607e-02 -5.327060038195529507e-02 6.560028491748319882e-03 -3.517083697168606107e-03 -2.215566667876125041e-03 -3.151553657731858641e-03 -1.132250582074854255e-03 -2.262941193910374387e-03 -4.058228911101514208e-03 -3.126881485652147595e-03 9.258705005913224874e-04
1.203253901016131328e-04 -1.651223387568661249e-03 3.423007955828239607e-02 1.000000000000000444e+00 -1.165338214838869124e-01 3.306767073720623396e-02 -1.256530242155748725e-02 6.196296640265934084e-05 -1.232379686860147995e-03 -4.887289282065718395e-03 6.763683318047409958e-03 -1.097464128761100558e-03 -9.671431579011477301e-04 -2.254480631521758177e-03
-2.887455232167661975e-03 1.811691703215472437e-03 -5.327060038195529507e-02 -1.165338214838869124e-01 1.000000000000000222e+00 -4.978439445708656569e-02 3.577629330646629052e-02 4.372099215321998029e-03 8.635524467571514167e-04 1.894071700986729159e-03 -1.510755259868970871e-03 -7.271367464814906117e-03 3.689041881712337365e-03 -2.433498355799337939e-04
1.352917968525697064e-03 9.243192243815901831e-04 6.560028491748319882e-03 3.306767073720623396e-02 -4.978439445708656569e-02 1.000000000000000444e+00 -1.253332906695420745e-01 -4.518527894991976324e-02 -6.438228918618216917e-03 -6.164845097192706534e-03 5.238693999057686401e-03 1.712337353821543002e-03 -8.161886038269226254e-04 1.251041768424635599e-03
-5.258724937590603674e-04 7.710812908078842204e-03 -3.517083697168606107e-03 -1.256530242155748725e-02 3.577629330646629052e-02 -1.253332906695420745e-01 1.000000000000000000e+00 3.910136906244714161e-02 -1.394971894444156386e-03 2.532836552449724103e-03 -2.528154023107417360e-03 -1.620042976502222105e-03 2.006020537096522491e-03 2.518668724607932199e-03
-2.862730578793132958e-04 4.376440951518380143e-04 -2.215566667876125041e-03 6.196296640265934084e-05 4.372099215321998029e-03 -4.518527894991976324e-02 3.910136906244714161e-02 1.000000000000000000e+00 5.418063059630067596e-02 1.489883643585033363e-03 -3.762736267232073308e-03 6.879550291019535628e-03 1.372952797568219351e-04 -1.128388950363074612e-03
-3.407158021270955024e-03 2.547173654908536271e-04 -3.151553657731858641e-03 -1.232379686860147995e-03 8.635524467571514167e-04 -6.438228918618216917e-03 -1.394971894444156386e-03 5.418063059630067596e-02 9.999999999999998890e-01 3.623278244024297906e-02 -3.072436739683084839e-02 2.765251119397669523e-03 3.363711369558900540e-03 -1.918083983051136268e-03
-3.771850173452113986e-03 -5.397559851894001646e-04 -1.132250582074854255e-03 -4.887289282065718395e-03 1.894071700986729159e-03 -6.164845097192706534e-03 2.532836552449724103e-03 1.489883643585033363e-03 3.623278244024297906e-02 1.000000000000000000e+00 -3.611597159979239996e-02 2.583291771776841453e-02 -3.092605669011627896e-04 -5.632423964368590309e-03
-3.353760170534297088e-03 2.480597161658540037e-03 -2.262941193910374387e-03 6.763683318047409958e-03 -1.510755259868970871e-03 5.238693999057686401e-03 -2.528154023107417360e-03 -3.762736267232073308e-03 -3.072436739683084839e-02 -3.611597159979239996e-02 1.000000000000000000e+00 -2.957551759920436923e-02 4.440579035239756479e-03 6.020463303897681312e-04
-3.906620631965997082e-04 5.595441433846794904e-04 -4.058228911101514208e-03 -1.097464128761100558e-03 -7.271367464814906117e-03 1.712337353821543002e-03 -1.620042976502222105e-03 6.879550291019535628e-03 2.765251119397669523e-03 2.583291771776841453e-02 -2.957551759920436923e-02 1.000000000000000222e+00 -4.092626731455677180e-02 -1.491053194579003947e-03
-2.537158745040152697e-03 -3.770347997068801502e-03 -3.126881485652147595e-03 -9.671431579011477301e-04 3.689041881712337365e-03 -8.161886038269226254e-04 2.006020537096522491e-03 1.372952797568219351e-04 3.363711369558900540e-03 -3.092605669011627896e-04 4.440579035239756479e-03 -4.092626731455677180e-02 9.999999999999998890e-01 3.062933327305753656e-02
1.086576893779269901e-03 -2.255635436470369588e-03 9.258705005913224874e-04 -2.254480631521758177e-03 -2.433498355799337939e-04 1.251041768424635599e-03 2.518668724607932199e-03 -1.128388950363074612e-03 -1.918083983051136268e-03 -5.632423964368590309e-03 6.020463303897681312e-04 -1.491053194579003947e-03 3.062933327305753656e-02 1.000000000000000000e+00
