1.000000000000000000e+00 -1.178298114950273451e-01 -3.730609988331519238e-03 -5.380767756579920950e-03 5.638280948292723714e-03 -6.391827548795764573e-04 -1.522639138849646518e-03 3.300483932388537469e-04
-1.178298114950273451e-01 1.000000000000001110e+00 5.866439405935042076e-04 8.364674887944064524e-03 -5.040502892229101889e-03 -5.260886527905575798e-04 1.327639835000512993e-03 1.262808266914087433e-03
-3.730609988331519238e-03 5.866439405935042076e-04 9.999999999999992228e-01 -1.170185495469638071e-01 -4.729115152705301410e-03 -4.864274538721504934e-03 -7.578384668410374433e-05 -1.556719686522334452e-03
-5.380767756579920950e-03 8.364674887944064524e-03 -1.170185495469638071e-01 9.999999999999996669e-01 9.500391543773151898e-03 -1.003192950457180380e-03 2.006575783665715245e-03 1.473152082403441851e-03
5.638280948292723714e-03 -5.040502892229101889e-03 -4.729115152705301410e-03 9.500391543773151898e-03 1.000000000000000000e+00 5.475536997064570262e-03 -9.547008720440262192e-03 -9.856896843102853998e-04
-6.391827548795764573e-04 -5.260886527905575798e-04 -4.864274538721504934e-03 -1.003192950457180380e-03 5.475536997064570262e-03 1.000000000000000000e+00 -3.664537882837165528e-02 -4.404883884494037102e-03
-1.522639138849646518e-03 1.327639835000512993e-03 -7.578384668410374433e-05 2.006575783665715245e-03 -9.547008720440262192e-03 -3.664537882837165528e-02 9.999999999999997780e-01 2.929056935386355805e-03
3.300483932388537469e-04 1.262808266914087433e-03 -1.556719686522334452e-03 1.473152082403441851e-03 -9.856896843102853998e-04 -4.404883884494037102e-03 2.929056935386355805e-03 9.999999999999998890e-01
